(kicad_pcb (version 20171130) (host pcbnew 5.1.5-52549c5~84~ubuntu18.04.1)

  (general
    (thickness 1.6)
    (drawings 21)
    (tracks 163)
    (zones 0)
    (modules 60)
    (nets 48)
  )

  (page A4)
  (layers
    (0 F.Cu signal)
    (1 In1.Cu power hide)
    (2 In2.Cu power hide)
    (31 B.Cu signal)
    (32 B.Adhes user hide)
    (33 F.Adhes user hide)
    (34 B.Paste user hide)
    (35 F.Paste user hide)
    (36 B.SilkS user hide)
    (37 F.SilkS user hide)
    (38 B.Mask user hide)
    (39 F.Mask user hide)
    (40 Dwgs.User user)
    (41 Cmts.User user hide)
    (42 Eco1.User user)
    (43 Eco2.User user)
    (44 Edge.Cuts user)
    (45 Margin user)
    (46 B.CrtYd user hide)
    (47 F.CrtYd user hide)
    (48 B.Fab user hide)
    (49 F.Fab user hide)
  )

  (setup
    (last_trace_width 0.254)
    (trace_clearance 0.127)
    (zone_clearance 0.508)
    (zone_45_only no)
    (trace_min 0.0762)
    (via_size 0.8)
    (via_drill 0.4)
    (via_min_size 0.4)
    (via_min_drill 0.3)
    (uvia_size 0.3)
    (uvia_drill 0.1)
    (uvias_allowed no)
    (uvia_min_size 0.2)
    (uvia_min_drill 0.1)
    (edge_width 0.05)
    (segment_width 0.2)
    (pcb_text_width 0.3)
    (pcb_text_size 1.5 1.5)
    (mod_edge_width 0.12)
    (mod_text_size 1 1)
    (mod_text_width 0.15)
    (pad_size 2.2 2.2)
    (pad_drill 2.2)
    (pad_to_mask_clearance 0.0508)
    (solder_mask_min_width 0.25)
    (aux_axis_origin 0 0)
    (visible_elements FFFFF77F)
    (pcbplotparams
      (layerselection 0x010fc_ffffffff)
      (usegerberextensions false)
      (usegerberattributes false)
      (usegerberadvancedattributes false)
      (creategerberjobfile false)
      (excludeedgelayer true)
      (linewidth 0.100000)
      (plotframeref false)
      (viasonmask false)
      (mode 1)
      (useauxorigin false)
      (hpglpennumber 1)
      (hpglpenspeed 20)
      (hpglpendiameter 15.000000)
      (psnegative false)
      (psa4output false)
      (plotreference true)
      (plotvalue true)
      (plotinvisibletext false)
      (padsonsilk false)
      (subtractmaskfromsilk false)
      (outputformat 1)
      (mirror false)
      (drillshape 0)
      (scaleselection 1)
      (outputdirectory "/home/kdunne/git/nnbar-calo-prototype/"))
  )

  (net 0 "")
  (net 1 GND)
  (net 2 +48V)
  (net 3 /5V)
  (net 4 "Net-(U1-Pad1)")
  (net 5 "Net-(U1-Pad2)")
  (net 6 "Net-(U1-Pad6)")
  (net 7 "Net-(C4-Pad1)")
  (net 8 "Net-(C4-Pad2)")
  (net 9 "Net-(C5-Pad1)")
  (net 10 "Net-(R4-Pad1)")
  (net 11 "Net-(R8-Pad1)")
  (net 12 "Net-(R10-Pad1)")
  (net 13 /LED_ON)
  (net 14 /SIPM2/+5V)
  (net 15 /SIPM2/-5V)
  (net 16 /SIPM1/+5V)
  (net 17 /SIPM1/-5V)
  (net 18 /SIPM_2_P)
  (net 19 /SIPM_2_N)
  (net 20 /SIPM_1_P)
  (net 21 /SIPM_1_N)
  (net 22 /SIPM_2_OUT)
  (net 23 /SIPM_1_OUT)
  (net 24 /SIPM_1_BIAS)
  (net 25 /SIPM_2_BIAS)
  (net 26 "Net-(C6-Pad1)")
  (net 27 "Net-(C7-Pad1)")
  (net 28 "Net-(C9-Pad1)")
  (net 29 "Net-(D1-Pad1)")
  (net 30 "Net-(D1-Pad2)")
  (net 31 "Net-(C9-Pad2)")
  (net 32 "Net-(C10-Pad1)")
  (net 33 "Net-(C11-Pad1)")
  (net 34 "Net-(C12-Pad1)")
  (net 35 "Net-(R14-Pad1)")
  (net 36 "Net-(R18-Pad1)")
  (net 37 "Net-(R22-Pad1)")
  (net 38 "Net-(R23-Pad1)")
  (net 39 "Net-(R28-Pad1)")
  (net 40 /SIPM2/FILTER_OUT_2)
  (net 41 /SIPM1/FILTER_OUT_1)
  (net 42 "Net-(R16-Pad1)")
  (net 43 "Net-(D3-Pad1)")
  (net 44 "Net-(R29-Pad1)")
  (net 45 "Net-(D2-Pad1)")
  (net 46 /SIPM2/5V)
  (net 47 /SIPM1/5V)

  (net_class Default "This is the default net class."
    (clearance 0.127)
    (trace_width 0.254)
    (via_dia 0.8)
    (via_drill 0.4)
    (uvia_dia 0.3)
    (uvia_drill 0.1)
    (add_net +48V)
    (add_net /5V)
    (add_net /LED_ON)
    (add_net /SIPM1/+5V)
    (add_net /SIPM1/-5V)
    (add_net /SIPM1/5V)
    (add_net /SIPM1/FILTER_OUT_1)
    (add_net /SIPM2/+5V)
    (add_net /SIPM2/-5V)
    (add_net /SIPM2/5V)
    (add_net /SIPM2/FILTER_OUT_2)
    (add_net /SIPM_1_BIAS)
    (add_net /SIPM_1_N)
    (add_net /SIPM_1_OUT)
    (add_net /SIPM_1_P)
    (add_net /SIPM_2_BIAS)
    (add_net /SIPM_2_N)
    (add_net /SIPM_2_OUT)
    (add_net /SIPM_2_P)
    (add_net GND)
    (add_net "Net-(C10-Pad1)")
    (add_net "Net-(C11-Pad1)")
    (add_net "Net-(C12-Pad1)")
    (add_net "Net-(C4-Pad1)")
    (add_net "Net-(C4-Pad2)")
    (add_net "Net-(C5-Pad1)")
    (add_net "Net-(C6-Pad1)")
    (add_net "Net-(C7-Pad1)")
    (add_net "Net-(C9-Pad1)")
    (add_net "Net-(C9-Pad2)")
    (add_net "Net-(D1-Pad1)")
    (add_net "Net-(D1-Pad2)")
    (add_net "Net-(D2-Pad1)")
    (add_net "Net-(D3-Pad1)")
    (add_net "Net-(R10-Pad1)")
    (add_net "Net-(R14-Pad1)")
    (add_net "Net-(R16-Pad1)")
    (add_net "Net-(R18-Pad1)")
    (add_net "Net-(R22-Pad1)")
    (add_net "Net-(R23-Pad1)")
    (add_net "Net-(R28-Pad1)")
    (add_net "Net-(R29-Pad1)")
    (add_net "Net-(R4-Pad1)")
    (add_net "Net-(R8-Pad1)")
    (add_net "Net-(U1-Pad1)")
    (add_net "Net-(U1-Pad2)")
    (add_net "Net-(U1-Pad6)")
  )

  (module Resistor_SMD:R_0603_1608Metric (layer B.Cu) (tedit 5B301BBD) (tstamp 62433705)
    (at 100.457 80.391)
    (descr "Resistor SMD 0603 (1608 Metric), square (rectangular) end terminal, IPC_7351 nominal, (Body size source: http://www.tortai-tech.com/upload/download/2011102023233369053.pdf), generated with kicad-footprint-generator")
    (tags resistor)
    (path /61875532/620A3ED2)
    (attr smd)
    (fp_text reference R32 (at 0 1.397) (layer B.SilkS)
      (effects (font (size 1 1) (thickness 0.15)) (justify mirror))
    )
    (fp_text value 100 (at 0 -1.43) (layer B.Fab)
      (effects (font (size 1 1) (thickness 0.15)) (justify mirror))
    )
    (fp_text user %R (at 0 0) (layer B.Fab)
      (effects (font (size 0.4 0.4) (thickness 0.06)) (justify mirror))
    )
    (fp_line (start 1.48 -0.73) (end -1.48 -0.73) (layer B.CrtYd) (width 0.05))
    (fp_line (start 1.48 0.73) (end 1.48 -0.73) (layer B.CrtYd) (width 0.05))
    (fp_line (start -1.48 0.73) (end 1.48 0.73) (layer B.CrtYd) (width 0.05))
    (fp_line (start -1.48 -0.73) (end -1.48 0.73) (layer B.CrtYd) (width 0.05))
    (fp_line (start -0.162779 -0.51) (end 0.162779 -0.51) (layer B.SilkS) (width 0.12))
    (fp_line (start -0.162779 0.51) (end 0.162779 0.51) (layer B.SilkS) (width 0.12))
    (fp_line (start 0.8 -0.4) (end -0.8 -0.4) (layer B.Fab) (width 0.1))
    (fp_line (start 0.8 0.4) (end 0.8 -0.4) (layer B.Fab) (width 0.1))
    (fp_line (start -0.8 0.4) (end 0.8 0.4) (layer B.Fab) (width 0.1))
    (fp_line (start -0.8 -0.4) (end -0.8 0.4) (layer B.Fab) (width 0.1))
    (pad 2 smd roundrect (at 0.7875 0) (size 0.875 0.95) (layers B.Cu B.Paste B.Mask) (roundrect_rratio 0.25)
      (net 44 "Net-(R29-Pad1)"))
    (pad 1 smd roundrect (at -0.7875 0) (size 0.875 0.95) (layers B.Cu B.Paste B.Mask) (roundrect_rratio 0.25)
      (net 21 /SIPM_1_N))
    (model ${KISYS3DMOD}/Resistor_SMD.3dshapes/R_0603_1608Metric.wrl
      (at (xyz 0 0 0))
      (scale (xyz 1 1 1))
      (rotate (xyz 0 0 0))
    )
  )

  (module Diode_SMD:D_0603_1608Metric_Pad1.05x0.95mm_HandSolder (layer B.Cu) (tedit 5B4B45C8) (tstamp 6243379D)
    (at 104.648 77.724)
    (descr "Diode SMD 0603 (1608 Metric), square (rectangular) end terminal, IPC_7351 nominal, (Body size source: http://www.tortai-tech.com/upload/download/2011102023233369053.pdf), generated with kicad-footprint-generator")
    (tags "diode handsolder")
    (path /61875532/620ABCA5)
    (attr smd)
    (fp_text reference D2 (at 0 1.43) (layer B.SilkS)
      (effects (font (size 1 1) (thickness 0.15)) (justify mirror))
    )
    (fp_text value D_Zener (at 0 -1.43) (layer B.Fab)
      (effects (font (size 1 1) (thickness 0.15)) (justify mirror))
    )
    (fp_text user %R (at 0 0) (layer B.Fab)
      (effects (font (size 0.4 0.4) (thickness 0.06)) (justify mirror))
    )
    (fp_line (start 1.65 -0.73) (end -1.65 -0.73) (layer B.CrtYd) (width 0.05))
    (fp_line (start 1.65 0.73) (end 1.65 -0.73) (layer B.CrtYd) (width 0.05))
    (fp_line (start -1.65 0.73) (end 1.65 0.73) (layer B.CrtYd) (width 0.05))
    (fp_line (start -1.65 -0.73) (end -1.65 0.73) (layer B.CrtYd) (width 0.05))
    (fp_line (start -1.66 -0.735) (end 0.8 -0.735) (layer B.SilkS) (width 0.12))
    (fp_line (start -1.66 0.735) (end -1.66 -0.735) (layer B.SilkS) (width 0.12))
    (fp_line (start 0.8 0.735) (end -1.66 0.735) (layer B.SilkS) (width 0.12))
    (fp_line (start 0.8 -0.4) (end 0.8 0.4) (layer B.Fab) (width 0.1))
    (fp_line (start -0.8 -0.4) (end 0.8 -0.4) (layer B.Fab) (width 0.1))
    (fp_line (start -0.8 0.1) (end -0.8 -0.4) (layer B.Fab) (width 0.1))
    (fp_line (start -0.5 0.4) (end -0.8 0.1) (layer B.Fab) (width 0.1))
    (fp_line (start 0.8 0.4) (end -0.5 0.4) (layer B.Fab) (width 0.1))
    (pad 2 smd roundrect (at 0.875 0) (size 1.05 0.95) (layers B.Cu B.Paste B.Mask) (roundrect_rratio 0.25)
      (net 17 /SIPM1/-5V))
    (pad 1 smd roundrect (at -0.875 0) (size 1.05 0.95) (layers B.Cu B.Paste B.Mask) (roundrect_rratio 0.25)
      (net 45 "Net-(D2-Pad1)"))
    (model ${KISYS3DMOD}/Diode_SMD.3dshapes/D_0603_1608Metric.wrl
      (at (xyz 0 0 0))
      (scale (xyz 1 1 1))
      (rotate (xyz 0 0 0))
    )
  )

  (module Resistor_SMD:R_0603_1608Metric (layer B.Cu) (tedit 5B301BBD) (tstamp 62433768)
    (at 100.584 77.724)
    (descr "Resistor SMD 0603 (1608 Metric), square (rectangular) end terminal, IPC_7351 nominal, (Body size source: http://www.tortai-tech.com/upload/download/2011102023233369053.pdf), generated with kicad-footprint-generator")
    (tags resistor)
    (path /61875532/620B06F6)
    (attr smd)
    (fp_text reference R31 (at -0.127 1.397) (layer B.SilkS)
      (effects (font (size 1 1) (thickness 0.15)) (justify mirror))
    )
    (fp_text value 100 (at 0 -1.43) (layer B.Fab)
      (effects (font (size 1 1) (thickness 0.15)) (justify mirror))
    )
    (fp_line (start -0.8 -0.4) (end -0.8 0.4) (layer B.Fab) (width 0.1))
    (fp_line (start -0.8 0.4) (end 0.8 0.4) (layer B.Fab) (width 0.1))
    (fp_line (start 0.8 0.4) (end 0.8 -0.4) (layer B.Fab) (width 0.1))
    (fp_line (start 0.8 -0.4) (end -0.8 -0.4) (layer B.Fab) (width 0.1))
    (fp_line (start -0.162779 0.51) (end 0.162779 0.51) (layer B.SilkS) (width 0.12))
    (fp_line (start -0.162779 -0.51) (end 0.162779 -0.51) (layer B.SilkS) (width 0.12))
    (fp_line (start -1.48 -0.73) (end -1.48 0.73) (layer B.CrtYd) (width 0.05))
    (fp_line (start -1.48 0.73) (end 1.48 0.73) (layer B.CrtYd) (width 0.05))
    (fp_line (start 1.48 0.73) (end 1.48 -0.73) (layer B.CrtYd) (width 0.05))
    (fp_line (start 1.48 -0.73) (end -1.48 -0.73) (layer B.CrtYd) (width 0.05))
    (fp_text user %R (at 0 0) (layer B.Fab)
      (effects (font (size 0.4 0.4) (thickness 0.06)) (justify mirror))
    )
    (pad 1 smd roundrect (at -0.7875 0) (size 0.875 0.95) (layers B.Cu B.Paste B.Mask) (roundrect_rratio 0.25)
      (net 44 "Net-(R29-Pad1)"))
    (pad 2 smd roundrect (at 0.7875 0) (size 0.875 0.95) (layers B.Cu B.Paste B.Mask) (roundrect_rratio 0.25)
      (net 45 "Net-(D2-Pad1)"))
    (model ${KISYS3DMOD}/Resistor_SMD.3dshapes/R_0603_1608Metric.wrl
      (at (xyz 0 0 0))
      (scale (xyz 1 1 1))
      (rotate (xyz 0 0 0))
    )
  )

  (module nnbar-calo-prototype:OPA846 (layer F.Cu) (tedit 617006CB) (tstamp 6241DA5B)
    (at 77.978 89.154 270)
    (path /61875532/6187FDC5)
    (fp_text reference U6 (at 3.937 0.889 180) (layer F.SilkS)
      (effects (font (size 1 1) (thickness 0.15)))
    )
    (fp_text value OPAMP (at 1.397 -2.413 90) (layer F.Fab) hide
      (effects (font (size 1 1) (thickness 0.15)))
    )
    (fp_circle (center -0.381 -0.635) (end -0.508 -0.762) (layer F.SilkS) (width 0.12))
    (fp_line (start 2.921 -0.508) (end -0.127 -0.508) (layer F.SilkS) (width 0.12))
    (fp_line (start 2.921 -0.381) (end 2.921 -0.508) (layer F.SilkS) (width 0.12))
    (fp_line (start 2.921 2.54) (end 2.921 -0.381) (layer F.SilkS) (width 0.12))
    (fp_line (start -0.127 2.54) (end 2.921 2.54) (layer F.SilkS) (width 0.12))
    (fp_line (start -0.127 -0.508) (end -0.127 2.54) (layer F.SilkS) (width 0.12))
    (pad 5 smd rect (at 2.6 1.9) (size 0.6 1.1) (layers F.Cu F.Paste F.Mask)
      (net 17 /SIPM1/-5V))
    (pad 4 smd rect (at 2.6 0) (size 0.6 1.1) (layers F.Cu F.Paste F.Mask)
      (net 16 /SIPM1/+5V))
    (pad 3 smd rect (at 0 1.9) (size 0.6 1.1) (layers F.Cu F.Paste F.Mask)
      (net 38 "Net-(R23-Pad1)"))
    (pad 2 smd rect (at 0 0.95) (size 0.6 1.1) (layers F.Cu F.Paste F.Mask)
      (net 37 "Net-(R22-Pad1)"))
    (pad 1 smd rect (at 0 0) (size 0.6 1.1) (layers F.Cu F.Paste F.Mask)
      (net 31 "Net-(C9-Pad2)"))
  )

  (module Resistor_SMD:R_0603_1608Metric (layer F.Cu) (tedit 5B301BBD) (tstamp 6242FFC3)
    (at 104.14 88.265 180)
    (descr "Resistor SMD 0603 (1608 Metric), square (rectangular) end terminal, IPC_7351 nominal, (Body size source: http://www.tortai-tech.com/upload/download/2011102023233369053.pdf), generated with kicad-footprint-generator")
    (tags resistor)
    (path /609DFC1A)
    (attr smd)
    (fp_text reference R2 (at -2.413 0) (layer F.SilkS)
      (effects (font (size 1 1) (thickness 0.15)))
    )
    (fp_text value R_Small (at 0 1.43) (layer F.Fab)
      (effects (font (size 1 1) (thickness 0.15)))
    )
    (fp_line (start -0.8 0.4) (end -0.8 -0.4) (layer F.Fab) (width 0.1))
    (fp_line (start -0.8 -0.4) (end 0.8 -0.4) (layer F.Fab) (width 0.1))
    (fp_line (start 0.8 -0.4) (end 0.8 0.4) (layer F.Fab) (width 0.1))
    (fp_line (start 0.8 0.4) (end -0.8 0.4) (layer F.Fab) (width 0.1))
    (fp_line (start -0.162779 -0.51) (end 0.162779 -0.51) (layer F.SilkS) (width 0.12))
    (fp_line (start -0.162779 0.51) (end 0.162779 0.51) (layer F.SilkS) (width 0.12))
    (fp_line (start -1.48 0.73) (end -1.48 -0.73) (layer F.CrtYd) (width 0.05))
    (fp_line (start -1.48 -0.73) (end 1.48 -0.73) (layer F.CrtYd) (width 0.05))
    (fp_line (start 1.48 -0.73) (end 1.48 0.73) (layer F.CrtYd) (width 0.05))
    (fp_line (start 1.48 0.73) (end -1.48 0.73) (layer F.CrtYd) (width 0.05))
    (fp_text user %R (at 0 0) (layer F.Fab)
      (effects (font (size 0.4 0.4) (thickness 0.06)))
    )
    (pad 1 smd roundrect (at -0.7875 0 180) (size 0.875 0.95) (layers F.Cu F.Paste F.Mask) (roundrect_rratio 0.25)
      (net 25 /SIPM_2_BIAS))
    (pad 2 smd roundrect (at 0.7875 0 180) (size 0.875 0.95) (layers F.Cu F.Paste F.Mask) (roundrect_rratio 0.25)
      (net 2 +48V))
    (model ${KISYS3DMOD}/Resistor_SMD.3dshapes/R_0603_1608Metric.wrl
      (at (xyz 0 0 0))
      (scale (xyz 1 1 1))
      (rotate (xyz 0 0 0))
    )
  )

  (module Resistor_SMD:R_0603_1608Metric (layer F.Cu) (tedit 5B301BBD) (tstamp 61896958)
    (at 116.84 81.28 270)
    (descr "Resistor SMD 0603 (1608 Metric), square (rectangular) end terminal, IPC_7351 nominal, (Body size source: http://www.tortai-tech.com/upload/download/2011102023233369053.pdf), generated with kicad-footprint-generator")
    (tags resistor)
    (path /618857A3/618D4C14)
    (attr smd)
    (fp_text reference R8 (at -2.54 -0.127 90) (layer F.SilkS)
      (effects (font (size 1 1) (thickness 0.15)))
    )
    (fp_text value 1k (at 0 1.43 90) (layer F.Fab)
      (effects (font (size 1 1) (thickness 0.15)))
    )
    (fp_line (start -0.8 0.4) (end -0.8 -0.4) (layer F.Fab) (width 0.1))
    (fp_line (start -0.8 -0.4) (end 0.8 -0.4) (layer F.Fab) (width 0.1))
    (fp_line (start 0.8 -0.4) (end 0.8 0.4) (layer F.Fab) (width 0.1))
    (fp_line (start 0.8 0.4) (end -0.8 0.4) (layer F.Fab) (width 0.1))
    (fp_line (start -0.162779 -0.51) (end 0.162779 -0.51) (layer F.SilkS) (width 0.12))
    (fp_line (start -0.162779 0.51) (end 0.162779 0.51) (layer F.SilkS) (width 0.12))
    (fp_line (start -1.48 0.73) (end -1.48 -0.73) (layer F.CrtYd) (width 0.05))
    (fp_line (start -1.48 -0.73) (end 1.48 -0.73) (layer F.CrtYd) (width 0.05))
    (fp_line (start 1.48 -0.73) (end 1.48 0.73) (layer F.CrtYd) (width 0.05))
    (fp_line (start 1.48 0.73) (end -1.48 0.73) (layer F.CrtYd) (width 0.05))
    (fp_text user %R (at 0 0 90) (layer F.Fab)
      (effects (font (size 0.4 0.4) (thickness 0.06)))
    )
    (pad 1 smd roundrect (at -0.7875 0 270) (size 0.875 0.95) (layers F.Cu F.Paste F.Mask) (roundrect_rratio 0.25)
      (net 11 "Net-(R8-Pad1)"))
    (pad 2 smd roundrect (at 0.7875 0 270) (size 0.875 0.95) (layers F.Cu F.Paste F.Mask) (roundrect_rratio 0.25)
      (net 1 GND))
    (model ${KISYS3DMOD}/Resistor_SMD.3dshapes/R_0603_1608Metric.wrl
      (at (xyz 0 0 0))
      (scale (xyz 1 1 1))
      (rotate (xyz 0 0 0))
    )
  )

  (module Resistor_SMD:R_0603_1608Metric (layer B.Cu) (tedit 5B301BBD) (tstamp 61896AAC)
    (at 85.852 78.232 180)
    (descr "Resistor SMD 0603 (1608 Metric), square (rectangular) end terminal, IPC_7351 nominal, (Body size source: http://www.tortai-tech.com/upload/download/2011102023233369053.pdf), generated with kicad-footprint-generator")
    (tags resistor)
    (path /61875532/618C2C77)
    (attr smd)
    (fp_text reference R28 (at 0 -1.397) (layer B.SilkS)
      (effects (font (size 1 1) (thickness 0.15)) (justify mirror))
    )
    (fp_text value 1k (at 0 -1.43) (layer B.Fab)
      (effects (font (size 1 1) (thickness 0.15)) (justify mirror))
    )
    (fp_text user %R (at 0 0) (layer B.Fab)
      (effects (font (size 0.4 0.4) (thickness 0.06)) (justify mirror))
    )
    (fp_line (start 1.48 -0.73) (end -1.48 -0.73) (layer B.CrtYd) (width 0.05))
    (fp_line (start 1.48 0.73) (end 1.48 -0.73) (layer B.CrtYd) (width 0.05))
    (fp_line (start -1.48 0.73) (end 1.48 0.73) (layer B.CrtYd) (width 0.05))
    (fp_line (start -1.48 -0.73) (end -1.48 0.73) (layer B.CrtYd) (width 0.05))
    (fp_line (start -0.162779 -0.51) (end 0.162779 -0.51) (layer B.SilkS) (width 0.12))
    (fp_line (start -0.162779 0.51) (end 0.162779 0.51) (layer B.SilkS) (width 0.12))
    (fp_line (start 0.8 -0.4) (end -0.8 -0.4) (layer B.Fab) (width 0.1))
    (fp_line (start 0.8 0.4) (end 0.8 -0.4) (layer B.Fab) (width 0.1))
    (fp_line (start -0.8 0.4) (end 0.8 0.4) (layer B.Fab) (width 0.1))
    (fp_line (start -0.8 -0.4) (end -0.8 0.4) (layer B.Fab) (width 0.1))
    (pad 2 smd roundrect (at 0.7875 0 180) (size 0.875 0.95) (layers B.Cu B.Paste B.Mask) (roundrect_rratio 0.25)
      (net 1 GND))
    (pad 1 smd roundrect (at -0.7875 0 180) (size 0.875 0.95) (layers B.Cu B.Paste B.Mask) (roundrect_rratio 0.25)
      (net 39 "Net-(R28-Pad1)"))
    (model ${KISYS3DMOD}/Resistor_SMD.3dshapes/R_0603_1608Metric.wrl
      (at (xyz 0 0 0))
      (scale (xyz 1 1 1))
      (rotate (xyz 0 0 0))
    )
  )

  (module Package_SO:SOIC-8_3.9x4.9mm_P1.27mm (layer B.Cu) (tedit 5D9F72B1) (tstamp 62432F54)
    (at 94.234 91.059 180)
    (descr "SOIC, 8 Pin (JEDEC MS-012AA, https://www.analog.com/media/en/package-pcb-resources/package/pkg_pdf/soic_narrow-r/r_8.pdf), generated with kicad-footprint-generator ipc_gullwing_generator.py")
    (tags "SOIC SO")
    (path /618857A3/6241EB81)
    (attr smd)
    (fp_text reference U4 (at 0 3.4) (layer B.SilkS)
      (effects (font (size 1 1) (thickness 0.15)) (justify mirror))
    )
    (fp_text value AD8039 (at 0 -3.4) (layer B.Fab)
      (effects (font (size 1 1) (thickness 0.15)) (justify mirror))
    )
    (fp_line (start 0 -2.56) (end 1.95 -2.56) (layer B.SilkS) (width 0.12))
    (fp_line (start 0 -2.56) (end -1.95 -2.56) (layer B.SilkS) (width 0.12))
    (fp_line (start 0 2.56) (end 1.95 2.56) (layer B.SilkS) (width 0.12))
    (fp_line (start 0 2.56) (end -3.45 2.56) (layer B.SilkS) (width 0.12))
    (fp_line (start -0.975 2.45) (end 1.95 2.45) (layer B.Fab) (width 0.1))
    (fp_line (start 1.95 2.45) (end 1.95 -2.45) (layer B.Fab) (width 0.1))
    (fp_line (start 1.95 -2.45) (end -1.95 -2.45) (layer B.Fab) (width 0.1))
    (fp_line (start -1.95 -2.45) (end -1.95 1.475) (layer B.Fab) (width 0.1))
    (fp_line (start -1.95 1.475) (end -0.975 2.45) (layer B.Fab) (width 0.1))
    (fp_line (start -3.7 2.7) (end -3.7 -2.7) (layer B.CrtYd) (width 0.05))
    (fp_line (start -3.7 -2.7) (end 3.7 -2.7) (layer B.CrtYd) (width 0.05))
    (fp_line (start 3.7 -2.7) (end 3.7 2.7) (layer B.CrtYd) (width 0.05))
    (fp_line (start 3.7 2.7) (end -3.7 2.7) (layer B.CrtYd) (width 0.05))
    (fp_text user %R (at 0 0) (layer B.Fab)
      (effects (font (size 0.98 0.98) (thickness 0.15)) (justify mirror))
    )
    (pad 1 smd roundrect (at -2.475 1.905 180) (size 1.95 0.6) (layers B.Cu B.Paste B.Mask) (roundrect_rratio 0.25)
      (net 18 /SIPM_2_P))
    (pad 2 smd roundrect (at -2.475 0.635 180) (size 1.95 0.6) (layers B.Cu B.Paste B.Mask) (roundrect_rratio 0.25)
      (net 35 "Net-(R14-Pad1)"))
    (pad 3 smd roundrect (at -2.475 -0.635 180) (size 1.95 0.6) (layers B.Cu B.Paste B.Mask) (roundrect_rratio 0.25)
      (net 40 /SIPM2/FILTER_OUT_2))
    (pad 4 smd roundrect (at -2.475 -1.905 180) (size 1.95 0.6) (layers B.Cu B.Paste B.Mask) (roundrect_rratio 0.25)
      (net 15 /SIPM2/-5V))
    (pad 5 smd roundrect (at 2.475 -1.905 180) (size 1.95 0.6) (layers B.Cu B.Paste B.Mask) (roundrect_rratio 0.25)
      (net 42 "Net-(R16-Pad1)"))
    (pad 6 smd roundrect (at 2.475 -0.635 180) (size 1.95 0.6) (layers B.Cu B.Paste B.Mask) (roundrect_rratio 0.25)
      (net 1 GND))
    (pad 7 smd roundrect (at 2.475 0.635 180) (size 1.95 0.6) (layers B.Cu B.Paste B.Mask) (roundrect_rratio 0.25)
      (net 19 /SIPM_2_N))
    (pad 8 smd roundrect (at 2.475 1.905 180) (size 1.95 0.6) (layers B.Cu B.Paste B.Mask) (roundrect_rratio 0.25)
      (net 46 /SIPM2/5V))
    (model ${KISYS3DMOD}/Package_SO.3dshapes/SOIC-8_3.9x4.9mm_P1.27mm.wrl
      (at (xyz 0 0 0))
      (scale (xyz 1 1 1))
      (rotate (xyz 0 0 0))
    )
  )

  (module Resistor_SMD:R_0603_1608Metric (layer B.Cu) (tedit 5B301BBD) (tstamp 62432F1B)
    (at 87.757 90.424 180)
    (descr "Resistor SMD 0603 (1608 Metric), square (rectangular) end terminal, IPC_7351 nominal, (Body size source: http://www.tortai-tech.com/upload/download/2011102023233369053.pdf), generated with kicad-footprint-generator")
    (tags resistor)
    (path /618857A3/620CAEA7)
    (attr smd)
    (fp_text reference R33 (at 0 1.397) (layer B.SilkS)
      (effects (font (size 1 1) (thickness 0.15)) (justify mirror))
    )
    (fp_text value 100 (at 0 -1.43) (layer B.Fab)
      (effects (font (size 1 1) (thickness 0.15)) (justify mirror))
    )
    (fp_text user %R (at 0 0) (layer B.Fab)
      (effects (font (size 0.4 0.4) (thickness 0.06)) (justify mirror))
    )
    (fp_line (start 1.48 -0.73) (end -1.48 -0.73) (layer B.CrtYd) (width 0.05))
    (fp_line (start 1.48 0.73) (end 1.48 -0.73) (layer B.CrtYd) (width 0.05))
    (fp_line (start -1.48 0.73) (end 1.48 0.73) (layer B.CrtYd) (width 0.05))
    (fp_line (start -1.48 -0.73) (end -1.48 0.73) (layer B.CrtYd) (width 0.05))
    (fp_line (start -0.162779 -0.51) (end 0.162779 -0.51) (layer B.SilkS) (width 0.12))
    (fp_line (start -0.162779 0.51) (end 0.162779 0.51) (layer B.SilkS) (width 0.12))
    (fp_line (start 0.8 -0.4) (end -0.8 -0.4) (layer B.Fab) (width 0.1))
    (fp_line (start 0.8 0.4) (end 0.8 -0.4) (layer B.Fab) (width 0.1))
    (fp_line (start -0.8 0.4) (end 0.8 0.4) (layer B.Fab) (width 0.1))
    (fp_line (start -0.8 -0.4) (end -0.8 0.4) (layer B.Fab) (width 0.1))
    (pad 2 smd roundrect (at 0.7875 0 180) (size 0.875 0.95) (layers B.Cu B.Paste B.Mask) (roundrect_rratio 0.25)
      (net 42 "Net-(R16-Pad1)"))
    (pad 1 smd roundrect (at -0.7875 0 180) (size 0.875 0.95) (layers B.Cu B.Paste B.Mask) (roundrect_rratio 0.25)
      (net 19 /SIPM_2_N))
    (model ${KISYS3DMOD}/Resistor_SMD.3dshapes/R_0603_1608Metric.wrl
      (at (xyz 0 0 0))
      (scale (xyz 1 1 1))
      (rotate (xyz 0 0 0))
    )
  )

  (module nnbar-calo-prototype:OPA846 (layer F.Cu) (tedit 6241CABE) (tstamp 618C6665)
    (at 87.63 85.7758)
    (path /61875532/6187FDFA)
    (fp_text reference U5 (at 0.635 -2.286) (layer F.SilkS)
      (effects (font (size 1 1) (thickness 0.15)))
    )
    (fp_text value OPAMP (at 0 -3.429) (layer F.Fab) hide
      (effects (font (size 1 1) (thickness 0.15)))
    )
    (fp_circle (center -1.778 -1.651) (end -1.905 -1.778) (layer F.SilkS) (width 0.12))
    (fp_line (start 1.524 -1.524) (end -1.524 -1.524) (layer F.SilkS) (width 0.12))
    (fp_line (start 1.524 -1.397) (end 1.524 -1.524) (layer F.SilkS) (width 0.12))
    (fp_line (start 1.524 1.524) (end 1.524 -1.397) (layer F.SilkS) (width 0.12))
    (fp_line (start -1.524 1.524) (end 1.524 1.524) (layer F.SilkS) (width 0.12))
    (fp_line (start -1.524 -1.524) (end -1.524 1.524) (layer F.SilkS) (width 0.12))
    (pad 5 smd rect (at 1.203 0.884 90) (size 0.6 1.1) (layers F.Cu F.Paste F.Mask)
      (net 17 /SIPM1/-5V))
    (pad 4 smd rect (at 1.203 -1.016 90) (size 0.6 1.1) (layers F.Cu F.Paste F.Mask)
      (net 16 /SIPM1/+5V))
    (pad 3 smd rect (at -1.397 0.884 90) (size 0.6 1.1) (layers F.Cu F.Paste F.Mask)
      (net 28 "Net-(C9-Pad1)"))
    (pad 2 smd rect (at -1.397 -0.066 90) (size 0.6 1.1) (layers F.Cu F.Paste F.Mask)
      (net 36 "Net-(R18-Pad1)"))
    (pad 1 smd rect (at -1.397 -1.016 90) (size 0.6 1.1) (layers F.Cu F.Paste F.Mask)
      (net 23 /SIPM_1_OUT))
  )

  (module gbtx-testboard:FDFMA3N109 (layer F.Cu) (tedit 6091524C) (tstamp 6182DA13)
    (at 97.282 84.582 90)
    (path /60A00555)
    (fp_text reference U1 (at 1.016 0 180) (layer F.SilkS)
      (effects (font (size 1 1) (thickness 0.15)))
    )
    (fp_text value FDFMA3N109 (at -1.3716 -4.5466 90) (layer F.Fab)
      (effects (font (size 1 1) (thickness 0.15)))
    )
    (fp_line (start -2.01 -0.86) (end 0.1 -0.86) (layer F.SilkS) (width 0.12))
    (fp_line (start 0.1 0.87) (end 0.1 -0.83) (layer F.SilkS) (width 0.12))
    (fp_line (start -2.01 0.89) (end 0.1 0.87) (layer F.SilkS) (width 0.12))
    (fp_line (start -2.01 -0.86) (end -2.01 0.89) (layer F.SilkS) (width 0.12))
    (fp_circle (center -2.36982 1.18618) (end -2.18982 1.29618) (layer F.SilkS) (width 0.12))
    (pad 3 smd rect (at -0.3 0.95 90) (size 0.42 0.42) (layers F.Cu F.Paste F.Mask)
      (net 29 "Net-(D1-Pad1)"))
    (pad 1 smd rect (at -1.6 0.95 90) (size 0.42 0.42) (layers F.Cu F.Paste F.Mask)
      (net 4 "Net-(U1-Pad1)"))
    (pad 2 smd rect (at -0.95 0.95 90) (size 0.42 0.42) (layers F.Cu F.Paste F.Mask)
      (net 5 "Net-(U1-Pad2)"))
    (pad 6 smd rect (at -1.6 -0.91 90) (size 0.42 0.42) (layers F.Cu F.Paste F.Mask)
      (net 6 "Net-(U1-Pad6)"))
    (pad 4 smd rect (at -0.3 -0.91 90) (size 0.42 0.42) (layers F.Cu F.Paste F.Mask)
      (net 1 GND))
    (pad 5 smd rect (at -0.95 -0.91 90) (size 0.42 0.42) (layers F.Cu F.Paste F.Mask)
      (net 13 /LED_ON))
    (pad 3 smd rect (at -0.45 0.0254 90) (size 0.8 1) (layers F.Cu F.Paste F.Mask)
      (net 29 "Net-(D1-Pad1)"))
    (pad K smd rect (at -1.4478 0.0254 90) (size 0.8 1) (layers F.Cu F.Paste F.Mask))
  )

  (module Resistor_SMD:R_0603_1608Metric (layer B.Cu) (tedit 5B301BBD) (tstamp 62433D77)
    (at 102.7938 92.837)
    (descr "Resistor SMD 0603 (1608 Metric), square (rectangular) end terminal, IPC_7351 nominal, (Body size source: http://www.tortai-tech.com/upload/download/2011102023233369053.pdf), generated with kicad-footprint-generator")
    (tags resistor)
    (path /618857A3/620CAE7B)
    (attr smd)
    (fp_text reference R14 (at 0 -1.27) (layer B.SilkS)
      (effects (font (size 1 1) (thickness 0.15)) (justify mirror))
    )
    (fp_text value 1k (at 0 -1.43) (layer B.Fab)
      (effects (font (size 1 1) (thickness 0.15)) (justify mirror))
    )
    (fp_line (start -0.8 -0.4) (end -0.8 0.4) (layer B.Fab) (width 0.1))
    (fp_line (start -0.8 0.4) (end 0.8 0.4) (layer B.Fab) (width 0.1))
    (fp_line (start 0.8 0.4) (end 0.8 -0.4) (layer B.Fab) (width 0.1))
    (fp_line (start 0.8 -0.4) (end -0.8 -0.4) (layer B.Fab) (width 0.1))
    (fp_line (start -0.162779 0.51) (end 0.162779 0.51) (layer B.SilkS) (width 0.12))
    (fp_line (start -0.162779 -0.51) (end 0.162779 -0.51) (layer B.SilkS) (width 0.12))
    (fp_line (start -1.48 -0.73) (end -1.48 0.73) (layer B.CrtYd) (width 0.05))
    (fp_line (start -1.48 0.73) (end 1.48 0.73) (layer B.CrtYd) (width 0.05))
    (fp_line (start 1.48 0.73) (end 1.48 -0.73) (layer B.CrtYd) (width 0.05))
    (fp_line (start 1.48 -0.73) (end -1.48 -0.73) (layer B.CrtYd) (width 0.05))
    (fp_text user %R (at 0 0) (layer B.Fab)
      (effects (font (size 0.4 0.4) (thickness 0.06)) (justify mirror))
    )
    (pad 1 smd roundrect (at -0.7875 0) (size 0.875 0.95) (layers B.Cu B.Paste B.Mask) (roundrect_rratio 0.25)
      (net 35 "Net-(R14-Pad1)"))
    (pad 2 smd roundrect (at 0.7875 0) (size 0.875 0.95) (layers B.Cu B.Paste B.Mask) (roundrect_rratio 0.25)
      (net 1 GND))
    (model ${KISYS3DMOD}/Resistor_SMD.3dshapes/R_0603_1608Metric.wrl
      (at (xyz 0 0 0))
      (scale (xyz 1 1 1))
      (rotate (xyz 0 0 0))
    )
  )

  (module Resistor_SMD:R_0603_1608Metric (layer B.Cu) (tedit 5B301BBD) (tstamp 6241B722)
    (at 88.646 80.8735 270)
    (descr "Resistor SMD 0603 (1608 Metric), square (rectangular) end terminal, IPC_7351 nominal, (Body size source: http://www.tortai-tech.com/upload/download/2011102023233369053.pdf), generated with kicad-footprint-generator")
    (tags resistor)
    (path /61875532/620A3ECC)
    (attr smd)
    (fp_text reference R29 (at 2.9465 -0.127 90) (layer B.SilkS)
      (effects (font (size 1 1) (thickness 0.15)) (justify mirror))
    )
    (fp_text value 100 (at 0 -1.43 90) (layer B.Fab)
      (effects (font (size 1 1) (thickness 0.15)) (justify mirror))
    )
    (fp_line (start -0.8 -0.4) (end -0.8 0.4) (layer B.Fab) (width 0.1))
    (fp_line (start -0.8 0.4) (end 0.8 0.4) (layer B.Fab) (width 0.1))
    (fp_line (start 0.8 0.4) (end 0.8 -0.4) (layer B.Fab) (width 0.1))
    (fp_line (start 0.8 -0.4) (end -0.8 -0.4) (layer B.Fab) (width 0.1))
    (fp_line (start -0.162779 0.51) (end 0.162779 0.51) (layer B.SilkS) (width 0.12))
    (fp_line (start -0.162779 -0.51) (end 0.162779 -0.51) (layer B.SilkS) (width 0.12))
    (fp_line (start -1.48 -0.73) (end -1.48 0.73) (layer B.CrtYd) (width 0.05))
    (fp_line (start -1.48 0.73) (end 1.48 0.73) (layer B.CrtYd) (width 0.05))
    (fp_line (start 1.48 0.73) (end 1.48 -0.73) (layer B.CrtYd) (width 0.05))
    (fp_line (start 1.48 -0.73) (end -1.48 -0.73) (layer B.CrtYd) (width 0.05))
    (fp_text user %R (at 0 0 90) (layer B.Fab)
      (effects (font (size 0.4 0.4) (thickness 0.06)) (justify mirror))
    )
    (pad 1 smd roundrect (at -0.7875 0 270) (size 0.875 0.95) (layers B.Cu B.Paste B.Mask) (roundrect_rratio 0.25)
      (net 44 "Net-(R29-Pad1)"))
    (pad 2 smd roundrect (at 0.7875 0 270) (size 0.875 0.95) (layers B.Cu B.Paste B.Mask) (roundrect_rratio 0.25)
      (net 20 /SIPM_1_P))
    (model ${KISYS3DMOD}/Resistor_SMD.3dshapes/R_0603_1608Metric.wrl
      (at (xyz 0 0 0))
      (scale (xyz 1 1 1))
      (rotate (xyz 0 0 0))
    )
  )

  (module Resistor_SMD:R_0603_1608Metric (layer B.Cu) (tedit 5B301BBD) (tstamp 62432FCC)
    (at 87.757 93.091 180)
    (descr "Resistor SMD 0603 (1608 Metric), square (rectangular) end terminal, IPC_7351 nominal, (Body size source: http://www.tortai-tech.com/upload/download/2011102023233369053.pdf), generated with kicad-footprint-generator")
    (tags resistor)
    (path /618857A3/620CAEBF)
    (attr smd)
    (fp_text reference R17 (at 0 1.27) (layer B.SilkS)
      (effects (font (size 1 1) (thickness 0.15)) (justify mirror))
    )
    (fp_text value 100 (at 0 -1.43) (layer B.Fab)
      (effects (font (size 1 1) (thickness 0.15)) (justify mirror))
    )
    (fp_text user %R (at 0 0) (layer B.Fab)
      (effects (font (size 0.4 0.4) (thickness 0.06)) (justify mirror))
    )
    (fp_line (start 1.48 -0.73) (end -1.48 -0.73) (layer B.CrtYd) (width 0.05))
    (fp_line (start 1.48 0.73) (end 1.48 -0.73) (layer B.CrtYd) (width 0.05))
    (fp_line (start -1.48 0.73) (end 1.48 0.73) (layer B.CrtYd) (width 0.05))
    (fp_line (start -1.48 -0.73) (end -1.48 0.73) (layer B.CrtYd) (width 0.05))
    (fp_line (start -0.162779 -0.51) (end 0.162779 -0.51) (layer B.SilkS) (width 0.12))
    (fp_line (start -0.162779 0.51) (end 0.162779 0.51) (layer B.SilkS) (width 0.12))
    (fp_line (start 0.8 -0.4) (end -0.8 -0.4) (layer B.Fab) (width 0.1))
    (fp_line (start 0.8 0.4) (end 0.8 -0.4) (layer B.Fab) (width 0.1))
    (fp_line (start -0.8 0.4) (end 0.8 0.4) (layer B.Fab) (width 0.1))
    (fp_line (start -0.8 -0.4) (end -0.8 0.4) (layer B.Fab) (width 0.1))
    (pad 2 smd roundrect (at 0.7875 0 180) (size 0.875 0.95) (layers B.Cu B.Paste B.Mask) (roundrect_rratio 0.25)
      (net 43 "Net-(D3-Pad1)"))
    (pad 1 smd roundrect (at -0.7875 0 180) (size 0.875 0.95) (layers B.Cu B.Paste B.Mask) (roundrect_rratio 0.25)
      (net 42 "Net-(R16-Pad1)"))
    (model ${KISYS3DMOD}/Resistor_SMD.3dshapes/R_0603_1608Metric.wrl
      (at (xyz 0 0 0))
      (scale (xyz 1 1 1))
      (rotate (xyz 0 0 0))
    )
  )

  (module proasic:su-logo-5mm (layer F.Cu) (tedit 0) (tstamp 618BF6FF)
    (at 116.84 89.408)
    (fp_text reference G*** (at 0 0) (layer F.SilkS) hide
      (effects (font (size 1.524 1.524) (thickness 0.3)))
    )
    (fp_text value LOGO (at 0.75 0) (layer F.SilkS) hide
      (effects (font (size 1.524 1.524) (thickness 0.3)))
    )
    (fp_poly (pts (xy -0.333688 -2.490276) (xy -0.310877 -2.482368) (xy -0.289722 -2.472699) (xy -0.253094 -2.448198)
      (xy -0.219454 -2.414824) (xy -0.192448 -2.37642) (xy -0.18528 -2.36259) (xy -0.172209 -2.321025)
      (xy -0.168496 -2.274209) (xy -0.174238 -2.225629) (xy -0.18087 -2.201198) (xy -0.189036 -2.180957)
      (xy -0.196048 -2.172225) (xy -0.201183 -2.175241) (xy -0.203718 -2.190244) (xy -0.20383 -2.193608)
      (xy -0.206559 -2.20728) (xy -0.21305 -2.225886) (xy -0.215589 -2.231813) (xy -0.227084 -2.257283)
      (xy -0.235402 -2.231813) (xy -0.24343 -2.210767) (xy -0.255311 -2.183796) (xy -0.269288 -2.15447)
      (xy -0.283606 -2.126358) (xy -0.296508 -2.103031) (xy -0.305912 -2.088479) (xy -0.314275 -2.078394)
      (xy -0.317596 -2.078099) (xy -0.318199 -2.08536) (xy -0.316582 -2.100163) (xy -0.31251 -2.118936)
      (xy -0.312116 -2.120381) (xy -0.306722 -2.146866) (xy -0.302376 -2.181538) (xy -0.299319 -2.220278)
      (xy -0.297793 -2.258966) (xy -0.298038 -2.293483) (xy -0.300297 -2.31971) (xy -0.300397 -2.320321)
      (xy -0.309156 -2.360127) (xy -0.321519 -2.399621) (xy -0.336183 -2.435512) (xy -0.351846 -2.464509)
      (xy -0.363535 -2.479827) (xy -0.369065 -2.489117) (xy -0.364673 -2.493834) (xy -0.35225 -2.494159)
      (xy -0.333688 -2.490276)) (layer F.SilkS) (width 0.01))
    (fp_poly (pts (xy 0.065593 -2.461113) (xy 0.078781 -2.445185) (xy 0.080529 -2.442831) (xy 0.117141 -2.385273)
      (xy 0.14241 -2.328003) (xy 0.155837 -2.272195) (xy 0.156836 -2.26365) (xy 0.156109 -2.217662)
      (xy 0.144104 -2.175005) (xy 0.12039 -2.134804) (xy 0.08454 -2.096183) (xy 0.067664 -2.081755)
      (xy 0.03496 -2.057917) (xy -0.003281 -2.034083) (xy -0.041938 -2.013249) (xy -0.072821 -1.999553)
      (xy -0.084907 -1.995424) (xy -0.087094 -1.997178) (xy -0.082085 -2.004761) (xy -0.073975 -2.015113)
      (xy -0.060175 -2.032035) (xy -0.043245 -2.052397) (xy -0.037691 -2.059001) (xy -0.009147 -2.097597)
      (xy 0.017824 -2.142671) (xy 0.040791 -2.189628) (xy 0.057327 -2.233873) (xy 0.060254 -2.244294)
      (xy 0.066221 -2.278108) (xy 0.069088 -2.318331) (xy 0.068971 -2.36101) (xy 0.065987 -2.402193)
      (xy 0.06025 -2.437928) (xy 0.053949 -2.459451) (xy 0.051873 -2.469063) (xy 0.056189 -2.469345)
      (xy 0.065593 -2.461113)) (layer F.SilkS) (width 0.01))
    (fp_poly (pts (xy 0.923721 -2.182957) (xy 0.929655 -2.179764) (xy 0.929656 -2.179693) (xy 0.92479 -2.173096)
      (xy 0.912098 -2.162078) (xy 0.896227 -2.150372) (xy 0.873966 -2.1334) (xy 0.848917 -2.11191)
      (xy 0.828532 -2.092551) (xy 0.794266 -2.057796) (xy 0.845129 -2.061282) (xy 0.876409 -2.062442)
      (xy 0.901541 -2.060453) (xy 0.926875 -2.054612) (xy 0.938989 -2.050877) (xy 0.963163 -2.04233)
      (xy 0.984467 -2.033518) (xy 0.997728 -2.026672) (xy 1.01347 -2.016358) (xy 0.972841 -2.005788)
      (xy 0.944625 -1.996844) (xy 0.91537 -1.985113) (xy 0.898987 -1.977134) (xy 0.874783 -1.960731)
      (xy 0.846472 -1.936547) (xy 0.816875 -1.907489) (xy 0.788812 -1.876461) (xy 0.765104 -1.84637)
      (xy 0.751088 -1.82478) (xy 0.740283 -1.806502) (xy 0.73177 -1.793684) (xy 0.727639 -1.789271)
      (xy 0.72643 -1.794796) (xy 0.727659 -1.808526) (xy 0.728403 -1.813149) (xy 0.730582 -1.829793)
      (xy 0.733039 -1.855082) (xy 0.735404 -1.884943) (xy 0.736612 -1.903161) (xy 0.738066 -1.93635)
      (xy 0.737188 -1.957174) (xy 0.73334 -1.96589) (xy 0.725885 -1.962757) (xy 0.714186 -1.948031)
      (xy 0.697606 -1.921969) (xy 0.696113 -1.919507) (xy 0.679453 -1.893012) (xy 0.667948 -1.877973)
      (xy 0.660913 -1.874529) (xy 0.657662 -1.88282) (xy 0.65751 -1.902984) (xy 0.6591 -1.927022)
      (xy 0.667448 -1.992496) (xy 0.681358 -2.047019) (xy 0.701199 -2.091269) (xy 0.727341 -2.125924)
      (xy 0.760154 -2.151662) (xy 0.789088 -2.165418) (xy 0.808845 -2.17124) (xy 0.833534 -2.176295)
      (xy 0.86026 -2.180288) (xy 0.88613 -2.182925) (xy 0.908248 -2.183913) (xy 0.923721 -2.182957)) (layer F.SilkS) (width 0.01))
    (fp_poly (pts (xy 1.416652 -2.096013) (xy 1.427906 -2.091986) (xy 1.447028 -2.08128) (xy 1.470785 -2.064213)
      (xy 1.495315 -2.043912) (xy 1.516757 -2.023502) (xy 1.52736 -2.011467) (xy 1.540092 -1.995281)
      (xy 1.524266 -1.976862) (xy 1.509456 -1.957937) (xy 1.495741 -1.937898) (xy 1.495515 -1.937532)
      (xy 1.486919 -1.924198) (xy 1.4816 -1.91702) (xy 1.481055 -1.916621) (xy 1.480334 -1.922426)
      (xy 1.479952 -1.937597) (xy 1.479983 -1.957417) (xy 1.479534 -1.981204) (xy 1.476516 -1.997416)
      (xy 1.469419 -2.011169) (xy 1.460724 -2.022684) (xy 1.436977 -2.044816) (xy 1.411429 -2.054371)
      (xy 1.38386 -2.051411) (xy 1.372593 -2.046916) (xy 1.350017 -2.033013) (xy 1.335471 -2.015265)
      (xy 1.327851 -1.991235) (xy 1.326053 -1.958483) (xy 1.326553 -1.945275) (xy 1.329429 -1.914652)
      (xy 1.334649 -1.87833) (xy 1.341226 -1.842901) (xy 1.343221 -1.833843) (xy 1.352233 -1.781084)
      (xy 1.352642 -1.736828) (xy 1.344141 -1.699916) (xy 1.326426 -1.669192) (xy 1.299192 -1.6435)
      (xy 1.291677 -1.638265) (xy 1.260453 -1.624282) (xy 1.223691 -1.618094) (xy 1.186145 -1.620001)
      (xy 1.153997 -1.62962) (xy 1.135448 -1.639812) (xy 1.113206 -1.654301) (xy 1.089698 -1.671199)
      (xy 1.067353 -1.68862) (xy 1.048597 -1.704677) (xy 1.035857 -1.717482) (xy 1.031536 -1.724828)
      (xy 1.034961 -1.733236) (xy 1.043939 -1.747994) (xy 1.056531 -1.766474) (xy 1.070796 -1.786052)
      (xy 1.084793 -1.8041) (xy 1.096581 -1.817992) (xy 1.10422 -1.825102) (xy 1.105821 -1.825357)
      (xy 1.105686 -1.818024) (xy 1.102095 -1.809337) (xy 1.09836 -1.796134) (xy 1.09586 -1.775379)
      (xy 1.095212 -1.757852) (xy 1.095831 -1.735548) (xy 1.09903 -1.720792) (xy 1.106823 -1.708407)
      (xy 1.119809 -1.69463) (xy 1.148096 -1.673343) (xy 1.177767 -1.663472) (xy 1.206969 -1.665071)
      (xy 1.233849 -1.678194) (xy 1.247451 -1.690886) (xy 1.258752 -1.705432) (xy 1.266303 -1.720388)
      (xy 1.270193 -1.737853) (xy 1.270509 -1.759926) (xy 1.267343 -1.788706) (xy 1.260782 -1.826293)
      (xy 1.254522 -1.857494) (xy 1.245683 -1.902658) (xy 1.240181 -1.937829) (xy 1.237986 -1.965297)
      (xy 1.23907 -1.987353) (xy 1.243402 -2.006286) (xy 1.250953 -2.024385) (xy 1.252341 -2.027129)
      (xy 1.274849 -2.057822) (xy 1.305404 -2.081117) (xy 1.341136 -2.095954) (xy 1.379175 -2.101272)
      (xy 1.416652 -2.096013)) (layer F.SilkS) (width 0.01))
    (fp_poly (pts (xy -1.28888 -2.15678) (xy -1.280266 -2.145445) (xy -1.271044 -2.124781) (xy -1.265148 -2.109578)
      (xy -1.264609 -2.103351) (xy -1.269811 -2.103357) (xy -1.273865 -2.104578) (xy -1.288599 -2.103452)
      (xy -1.311353 -2.093809) (xy -1.341155 -2.07615) (xy -1.376585 -2.051316) (xy -1.390566 -2.040984)
      (xy -1.398824 -2.033167) (xy -1.401247 -2.025113) (xy -1.397725 -2.014073) (xy -1.388147 -1.997296)
      (xy -1.373445 -1.973716) (xy -1.360822 -1.954454) (xy -1.342866 -1.928486) (xy -1.320868 -1.897547)
      (xy -1.296118 -1.863372) (xy -1.269907 -1.827697) (xy -1.243525 -1.792258) (xy -1.218264 -1.75879)
